1	0
3	0
5	0
7	0
9	0
11	0
13	0
15	0
17	0
19	0
21	0
23	0
25	0
27	0
29	0
31	0
33	0
35	0
37	0
39	0
41	0
43	0
45	0
47	0
49	0
51	0
53	0
55	0
57	0
59	0
61	0
63	0
65	0
67	0
69	0
71	0
73	0
75	0
77	0
79	0
81	0
83	0
85	0
87	0
89	0
91	0
93	0
95	0
97	0
99	0
101	0
103	0
105	0
107	0
109	0
111	0
113	0
115	0
117	0
119	0
121	0
123	0
125	0
127	0
129	0
131	0
133	0
135	0
137	0
139	0
141	0
143	0
145	0
147	0
149	0
151	0
153	0
155	0
157	0
159	0
161	0
163	0
165	0
167	0
169	0
171	0
173	0
175	0
177	0
179	0
181	0
183	0
185	0
187	0
189	0
191	0
193	0
195	0
197	0
199	0
201	0
203	0
205	0
207	0
209	0
211	0
213	0
215	0
217	0
219	0
221	0
223	0
225	0
227	0
229	0
231	0
233	0
235	0
237	0
239	0
241	0
243	0
245	0
247	0
249	0
251	0
253	0
255	0
257	0
259	0
261	0
263	0
265	0
267	0
269	0
271	0
273	0
275	0
277	3
279	3
281	3
283	3
285	3
287	3
289	3
291	3
293	3
295	3
297	3
299	3
301	3
303	11
305	13
307	13
309	16
311	16
313	16
315	16
317	23
319	23
321	23
323	23
325	23
327	23
329	23
331	23
333	23
335	23
337	23
339	23
341	23
343	23
345	23
347	23
349	23
351	23
353	23
355	23
357	23
359	23
361	23
363	23
365	23
367	23
369	23
371	23
373	23
375	23
377	23
379	23
381	23
383	23
385	23
387	23
389	23
391	23
393	23
395	23
397	23
399	23
401	23
403	23
405	23
407	23
409	23
411	23
413	23
415	23
417	23
419	23
421	23
423	23
425	23
427	23
429	23
431	23
433	23
435	23
437	23
439	23
441	23
443	23
445	23
447	23
449	23
451	23
453	23
455	23
457	23
459	23
461	23
463	23
465	23
467	23
469	23
471	23
473	23
475	23
477	23
479	23
481	23
483	23
485	23
487	23
489	23
491	23
493	23
495	23
497	23
499	23
501	23
503	23
505	23
507	23
509	23
511	23
513	23
515	23
517	23
519	23
521	23
523	23
525	23
527	23
529	23
531	23
533	23
535	23
537	23
539	23
541	23
543	23
545	23
547	23
549	23
551	23
553	23
555	23
557	23
559	23
561	23
563	23
565	23
567	23
569	23
571	23
573	23
575	23
577	23
579	23
581	23
583	23
585	23
587	23
589	23
591	23
593	23
595	23
597	23
599	23
601	23
603	23
605	23
607	23
609	23
611	23
613	23
615	23
617	23
619	23
621	23
623	23
625	23
627	23
629	23
631	23
633	23
635	23
637	23
639	23
641	23
643	23
645	23
647	23
649	23
651	23
653	23
655	23
657	23
659	23
661	23
663	23
665	23
667	23
669	23
671	23
673	23
675	23
677	23
679	23
681	23
683	23
685	23
687	23
689	23
691	23
693	23
695	23
697	23
699	23
701	23
703	23
705	23
707	23
709	23
711	23
713	23
715	23
717	23
719	23
721	23
723	23
725	23
727	23
729	23
731	23
733	23
735	23
737	23
739	23
741	23
743	23
745	23
747	23
749	23
751	23
753	23
755	23
757	23
759	23
761	23
763	23
765	23
767	23
769	23
771	23
773	23
775	23
777	23
779	23
781	23
783	23
785	23
787	23
789	23
791	23
793	23
795	23
797	23
799	23
801	23
803	23
805	23
807	23
809	23
811	23
813	23
815	23
817	23
819	23
821	23
823	23
825	23
827	23
829	23
831	23
833	23
835	23
837	23
839	23
841	23
843	23
845	23
847	23
849	23
851	23
853	23
855	23
857	23
859	23
861	23
863	23
865	23
867	23
869	23
871	23
873	23
875	23
877	23
879	23
881	23
883	23
885	23
887	23
889	23
891	23
893	23
895	23
897	23
899	23
901	23
903	23
905	23
907	23
909	23
911	23
913	23
915	23
917	23
919	23
921	23
923	23
925	23
927	23
929	23
931	23
933	23
935	23
937	23
939	23
941	23
943	23
945	23
947	23
949	23
951	23
953	23
955	23
957	23
959	23
961	23
963	23
965	23
967	23
969	23
971	23
973	23
975	23
977	23
979	23
981	23
983	23
985	23
987	23
989	23
991	23
993	23
995	23
997	23
999	23
1001	23
1003	23
1005	23
1007	23
1009	23
1011	23
1013	23
1015	23
1017	23
1019	23
1021	23
1023	23
1025	23
1027	23
1029	23
1031	23
1033	23
1035	23
1037	23
1039	23
1041	23
1043	23
1045	23
1047	23
1049	23
1051	23
1053	23
1055	23
1057	23
1059	23
1061	23
1063	23
1065	23
1067	23
1069	23
1071	23
1073	23
1075	23
1077	23
1079	23
1081	23
1083	23
1085	23
1087	23
1089	23
1091	23
1093	23
1095	23
1097	23
1099	23
1101	23
1103	23
1105	23
1107	23
1109	23
1111	23
1113	23
1115	23
1117	23
1119	23
1121	23
1123	23
1125	23
1127	23
1129	23
1131	23
1133	23
1135	23
1137	23
1139	23
1141	23
1143	23
1145	23
1147	23
1149	23
1151	23
1153	23
1155	23
1157	23
1159	23
1161	23
1163	23
1165	23
1167	23
1169	23
1171	23
1173	23
1175	23
1177	23
1179	23
1181	23
1183	23
1185	23
1187	23
1189	23
1191	23
1193	23
1195	23
1197	23
1199	23
1201	23
1203	23
1205	23
1207	23
1209	23
1211	23
1213	23
1215	23
1217	23
1219	23
1221	23
1223	23
1225	23
1227	23
1229	23
1231	23
1233	23
1235	23
1237	23
1239	23
1241	23
1243	23
1245	23
1247	27
1249	27
1251	27
1253	27
1255	27
1257	28
1259	28
1261	28
1263	28
1265	28
1267	28
1269	28
1271	28
1273	28
1275	28
1277	28
1279	28
1281	28
1283	28
1285	28
1287	28
1289	28
1291	28
1293	28
1295	28
1297	28
1299	28
1301	28
1303	28
1305	28
1307	28
1309	28
1311	28
1313	28
1315	28
1317	28
1319	28
1321	28
1323	28
1325	28
1327	28
1329	28
1331	28
1333	28
1335	28
1337	28
1339	28
1341	28
1343	28
1345	28
1347	28
1349	28
1351	28
1353	28
1355	28
1357	28
1359	28
1361	28
1363	28
1365	28
1367	28
1369	28
1371	28
1373	28
1375	28
1377	28
1379	28
1381	28
1383	28
1385	28
1387	28
1389	28
1391	28
1393	28
1395	28
1397	28
1399	28
1401	28
1403	28
1405	28
1407	28
1409	28
1411	28
1413	28
1415	28
1417	28
1419	28
1421	28
1423	28
1425	28
1427	28
1429	28
1431	28
1433	28
1435	28
1437	28
1439	28
1441	28
1443	28
1445	28
1447	28
1449	28
1451	28
1453	28
1455	28
1457	28
1459	28
1461	28
1463	28
1465	28
1467	28
1469	28
1471	28
1473	28
1475	28
1477	28
1479	28
1481	28
1483	28
1485	28
1487	28
1489	28
1491	28
1493	28
1495	28
1497	28
1499	28
1501	28
1503	28
1505	28
1507	28
1509	28
1511	28
1513	28
1515	28
1517	28
1519	28
1521	28
1523	28
1525	28
1527	28
1529	28
1531	28
1533	28
1535	28
1537	28
1539	28
1541	28
1543	28
1545	28
1547	28
1549	28
1551	28
1553	28
1555	28
1557	28
1559	28
1561	28
1563	28
1565	28
1567	28
1569	28
1571	28
1573	28
1575	28
1577	28
1579	28
1581	28
1583	28
1585	28
1587	28
1589	28
1591	28
1593	28
1595	28
1597	28
1599	28
1601	28
1603	28
1605	28
1607	28
1609	28
1611	28
1613	28
1615	28
1617	28
1619	28
1621	28
1623	28
1625	28
1627	28
1629	28
1631	28
1633	28
1635	28
1637	28
1639	28
1641	28
1643	28
1645	28
1647	28
1649	28
1651	28
1653	28
1655	28
1657	28
1659	28
1661	28
1663	28
1665	28
1667	28
1669	28
1671	28
1673	28
1675	28
1677	28
1679	28
1681	28
1683	28
1685	28
1687	28
1689	28
1691	28
1693	28
1695	28
1697	28
1699	28
1701	28
1703	28
1705	28
1707	28
1709	28
1711	28
1713	28
1715	28
1717	28
1719	28
1721	28
1723	28
1725	28
1727	28
1729	28
1731	28
1733	28
1735	28
1737	28
1739	28
1741	28
1743	28
1745	28
1747	28
1749	28
1751	28
1753	28
1755	28
1757	28
1759	28
1761	28
1763	28
1765	28
1767	28
1769	28
1771	28
1773	28
1775	28
1777	28
1779	28
1781	28
1783	28
1785	28
1787	28
1789	28
1791	28
1793	28
1795	28
1797	28
1799	28
1801	28
1803	28
1805	28
1807	28
1809	28
1811	28
1813	28
1815	28
1817	28
1819	28
1821	28
1823	28
1825	28
1827	28
1829	28
1831	28
1833	28
1835	28
1837	28
1839	28
1841	28
1843	28
1845	28
1847	28
1849	28
1851	28
1853	28
1855	28
1857	28
1859	28
1861	28
1863	28
1865	28
1867	28
1869	28
1871	28
1873	28
1875	28
1877	28
1879	28
1881	28
1883	28
1885	28
1887	28
1889	28
1891	28
1893	28
1895	28
1897	28
1899	28
1901	28
1903	28
1905	28
1907	28
1909	28
1911	28
1913	28
1915	28
1917	28
1919	28
1921	28
1923	28
1925	28
1927	28
1929	28
1931	28
1933	28
1935	28
1937	28
1939	28
1941	28
1943	28
1945	28
1947	28
1949	28
1951	28
1953	28
1955	28
1957	28
1959	28
1961	28
1963	28
1965	28
1967	28
1969	28
1971	28
1973	28
1975	28
1977	28
1979	28
1981	28
1983	28
1985	28
1987	28
1989	28
1991	28
1993	28
1995	28
1997	28
1999	28
2001	28
2003	28
2005	28
2007	28
2009	28
2011	28
2013	28
2015	28
2017	28
2019	28
2021	28
2023	28
2025	28
2027	28
2029	28
2031	28
2033	28
2035	28
2037	28
2039	28
2041	28
2043	28
2045	28
2047	28
2049	28
2051	28
2053	28
2055	28
2057	28
2059	28
2061	28
2063	28
2065	28
2067	28
2069	28
2071	28
2073	28
2075	28
2077	28
2079	28
2081	28
2083	28
2085	28
2087	28
2089	28
2091	28
2093	28
2095	28
2097	28
2099	28
2101	28
2103	28
2105	28
2107	28
2109	28
2111	28
2113	28
2115	28
2117	28
2119	28
2121	28
2123	28
2125	28
2127	28
2129	28
2131	28
2133	28
2135	28
2137	28
2139	28
2141	28
2143	28
2145	28
2147	28
2149	28
2151	28
2153	28
2155	28
2157	28
2159	28
2161	28
2163	28
2165	28
2167	28
2169	28
2171	28
2173	28
2175	28
2177	28
2179	28
2181	28
2183	28
2185	28
2187	28
2189	28
2191	28
2193	28
2195	28
2197	28
2199	28
2201	28
2203	28
2205	28
2207	28
2209	28
2211	28
2213	28
2215	28
2217	28
2219	28
2221	28
2223	28
2225	28
2227	28
2229	28
2231	28
2233	28
2235	28
2237	28
2239	28
2241	28
2243	28
2245	28
2247	28
2249	28
2251	28
2253	28
2255	28
2257	28
2259	28
2261	28
2263	28
2265	28
2267	28
2269	28
2271	28
2273	28
2275	28
2277	28
2279	28
2281	28
2283	28
2285	28
2287	28
2289	28
2291	28
2293	28
2295	28
2297	28
2299	28
2301	28
2303	28
2305	28
2307	28
2309	28
2311	28
2313	28
2315	28
2317	28
2319	28
2321	28
2323	28
2325	28
2327	28
2329	28
2331	28
2333	28
2335	28
2337	28
2339	28
2341	28
2343	28
2345	28
2347	28
2349	28
2351	28
2353	28
2355	28
2357	28
2359	28
2361	28
2363	28
2365	28
2367	28
2369	28
2371	28
2373	28
2375	28
2377	28
2379	28
2381	28
2383	28
2385	28
2387	28
2389	28
2391	28
2393	28
2395	28
2397	28
2399	28
2401	28
2403	28
2405	28
2407	28
2409	28
2411	28
2413	28
2415	28
2417	28
2419	28
2421	28
2423	28
2425	28
2427	28
2429	28
2431	28
2433	28
2435	28
2437	28
2439	28
2441	28
2443	28
2445	28
2447	28
2449	28
2451	28
2453	28
2455	28
2457	28
2459	28
2461	28
2463	28
2465	28
2467	28
2469	28
2471	28
2473	28
2475	28
2477	28
2479	28
2481	28
2483	28
2485	28
2487	28
2489	28
2491	28
2493	28
2495	28
2497	28
