11.394	
11.394	
11.383	
11.383	
11.285	
11.236	
11.226	
11.148	
11.148	
11.148	
11.116	
11.113	
11.055	
10.993	
10.993	
10.872	
10.872	
10.807	
10.807	
10.807	
10.807	
10.749	
10.749	
10.749	
10.749	
10.749	
10.749	
10.749	
10.707	
10.676	
10.597	
10.597	
10.597	
10.595	
10.595	
10.595	
10.536	
10.536	
10.536	
10.468	
10.468	
10.402	
10.402	
10.402	
10.402	
10.402	
10.320	
10.265	
10.265	
10.265	
10.265	
10.265	
10.162	
10.078	
10.059	
10.059	
10.059	
9.999	
9.927	
9.927	
9.923	
9.923	
9.923	
9.923	
9.923	
9.859	
9.833	
9.833	
9.833	
9.833	
9.833	
9.827	
9.800	
9.800	
9.714	
9.686	
9.686	
9.686	
9.665	
9.662	
9.636	
9.636	
9.591	
9.591	
9.556	
9.556	
9.556	
9.556	
9.500	
9.500	
9.500	
9.403	
9.376	
9.319	
9.293	
9.218	
9.153	
9.153	
9.126	
9.126	
9.085	
9.085	
9.038	
8.974	
8.974	
8.974	
8.974	
8.923	
8.863	
8.863	
8.863	
8.809	
8.809	
8.809	
8.809	
8.770	
8.677	
8.677	
8.677	
8.677	
8.650	
8.590	
8.539	
8.502	
8.502	
8.502	
8.457	
8.407	
8.407	
8.304	
8.250	
8.250	
8.250	
8.188	
8.188	
8.113	
8.091	
8.036	
8.036	
8.036	
7.982	
7.979	
7.979	
7.979	
7.979	
7.979	
7.979	
7.979	
7.979	
7.979	
7.979	
7.964	
7.964	
7.964	
7.927	
7.926	
7.926	
7.932	
7.931	
7.931	
7.931	
7.931	
7.854	
7.846	
7.846	
7.845	
7.806	
7.759	
7.759	
7.759	
7.701	
7.698	
7.698	
7.638	
7.638	
7.562	
7.562	
7.562	
7.494	
7.494	
7.485	
7.484	
7.484	
7.451	
7.451	
7.393	
7.393	
7.393	
7.327	
7.327	
7.327	
7.261	
7.164	
7.164	
7.125	
7.125	
7.125	
7.125	
7.125	
7.071	
7.032	
7.032	
7.032	
7.032	
7.032	
7.034	
7.034	
6.999	
6.999	
6.944	
6.904	
6.904	
6.904	
6.852	
6.852	
6.852	
6.774	
6.774	
6.774	
6.774	
6.774	
6.774	
6.751	
6.751	
6.651	
6.653	
6.649	
6.649	
6.649	
6.649	
6.649	
6.649	
6.589	
6.561	
6.561	
6.431	
6.430	
6.430	
6.428	
6.415	
6.415	
6.415	
6.376	
6.376	
6.376	
6.376	
6.348	
6.348	
6.348	
6.343	
6.278	
6.278	
6.278	
6.248	
6.248	
6.248	
6.233	
6.233	
6.233	
6.233	
6.231	
6.231	
6.231	
6.231	
6.208	
6.155	
6.155	
6.155	
6.155	
6.155	
6.155	
6.155	
6.155	
6.155	
6.151	
6.139	
6.139	
6.105	
6.105	
6.105	
6.105	
6.105	
6.105	
6.105	
6.105	
6.105	
6.071	
6.026	
6.013	
5.970	
5.970	
5.970	
5.945	
5.945	
5.945	
5.945	
5.916	
5.879	
5.856	
5.806	
5.777	
5.765	
5.765	
5.692	
5.692	
5.692	
5.665	
5.656	
5.656	
5.656	
5.618	
5.622	
5.622	
5.531	
5.467	
5.425	
5.425	
5.425	
5.350	
5.345	
5.345	
5.270	
5.270	
5.270	
5.209	
5.204	
5.184	
5.156	
5.156	
5.156	
5.073	
5.021	
5.021	
5.021	
5.021	
4.982	
4.982	
4.896	
4.831	
4.831	
4.831	
4.730	
4.730	
4.694	
4.675	
4.675	
4.675	
4.671	
4.671	
4.625	
4.625	
4.625	
4.541	
4.540	
4.510	
4.510	
4.440	
4.400	
4.400	
4.336	
4.336	
4.336	
4.322	
4.322	
4.321	
4.321	
4.321	
4.321	
4.321	
4.277	
4.277	
4.259	
4.232	
4.208	
4.208	
4.205	
4.205	
4.205	
4.133	
4.111	
4.111	
4.111	
4.083	
4.044	
4.011	
4.011	
4.011	
4.011	
4.011	
4.010	
4.010	
4.010	
4.010	
3.962	
3.962	
3.962	
3.946	
3.915	
3.915	
3.915	
3.901	
3.901	
3.876	
3.876	
3.876	
3.876	
3.876	
3.876	
3.876	
3.876	
3.876	
3.876	
3.876	
3.876	
3.809	
3.787	
3.787	
3.787	
3.787	
3.767	
3.767	
3.741	
3.697	
3.638	
3.591	
3.577	
3.577	
3.530	
3.530	
3.530	
3.530	
3.456	
3.415	
3.415	
3.414	
3.414	
3.363	
3.332	
3.327	
3.325	
3.261	
3.261	
3.261	
3.236	
3.236	
3.236	
3.236	
3.236	
3.236	
3.236	
3.236	
3.186	
3.173	
3.139	
3.139	
3.139	
3.139	
3.139	
3.139	
3.139	
3.139	
3.117	
3.117	
3.081	
3.081	
3.081	
3.081	
3.081	
3.081	
3.027	
3.027	
3.027	
3.027	
2.992	
2.992	
2.992	
2.992	
2.991	
2.991	
2.991	
2.991	
2.991	
2.991	
2.941	
2.874	
2.824	
2.793	
2.742	
2.742	
2.742	
2.742	
2.698	
2.698	
2.698	
2.698	
2.691	
2.691	
2.691	
2.691	
2.691	
2.683	
2.683	
2.683	
2.683	
2.683	
2.681	
2.681	
2.681	
2.681	
2.681	
2.640	
2.610	
2.587	
2.587	
2.587	
2.587	
2.584	
2.582	
2.582	
2.582	
2.546	
2.503	
2.503	
2.503	
2.503	
2.503	
2.503	
2.503	
2.503	
2.503	
2.503	
2.456	
2.444	
2.444	
2.442	
2.395	
2.395	
2.366	
2.363	
2.363	
2.363	
2.363	
2.363	
2.363	
2.331	
2.331	
2.331	
2.305	
2.302	
2.265	
2.265	
2.257	
2.257	
2.257	
2.257	
2.219	
2.219	
2.219	
2.219	
2.219	
2.219	
2.219	
2.213	
2.189	
2.151	
2.151	
2.151	
2.151	
2.151	
2.151	
2.150	
2.150	
2.150	
2.099	
2.099	
2.071	
2.069	
2.069	
2.006	
2.006	
2.001	
2.001	
1.970	
1.928	
1.928	
1.928	
1.907	
1.907	
1.907	
1.907	
1.907	
1.907	
1.907	
1.907	
1.907	
1.903	
1.865	
1.865	
1.865	
1.865	
1.825	
1.825	
1.825	
1.822	
1.821	
1.816	
1.816	
1.816	
1.816	
1.816	
1.761	
1.761	
1.726	
1.726	
1.726	
1.726	
1.726	
1.685	
1.651	
1.624	
1.624	
1.624	
1.605	
1.605	
1.605	
1.579	
1.528	
1.528	
1.528	
1.528	
1.528	
1.528	
1.528	
1.528	
1.528	
1.528	
1.505	
1.505	
1.505	
1.502	
1.475	
1.475	
1.475	
1.475	
1.475	
1.475	
1.475	
1.475	
1.475	
1.475	
1.475	
1.462	
1.457	
1.457	
1.423	
1.423	
1.390	
1.385	
1.385	
1.344	
1.344	
1.344	
1.344	
1.317	
1.317	
1.317	
1.317	
1.317	
1.316	
1.316	
1.316	
1.316	
1.316	
1.310	
1.310	
1.278	
1.278	
1.278	
1.278	
1.278	
1.278	
1.259	
1.259	
1.233	
1.233	
1.233	
1.233	
1.233	
1.233	
1.206	
1.206	
1.206	
1.147	
1.147	
1.147	
1.147	
1.147	
1.144	
1.144	
1.110	
1.110	
1.092	
1.054	
1.054	
1.054	
1.054	
1.054	
1.054	
1.027	
1.027	
1.027	
1.027	
1.027	
1.027	
1.027	
1.027	
1.027	
1.027	
1.027	
1.027	
1.027	
1.027	
1.027	
1.027	
1.027	
1.027	
1.027	
1.027	
1.027	
1.027	
1.027	
0.999	
0.999	
0.997	
0.984	
0.984	
0.984	
0.984	
0.984	
0.984	
0.984	
0.976	
0.971	
0.948	
0.927	
0.926	
0.926	
0.926	
0.926	
0.926	
0.926	
0.926	
0.926	
0.926	
0.874	
0.874	
0.823	
0.823	
0.823	
0.823	
0.823	
0.823	
0.823	
0.823	
0.823	
0.823	
0.823	
0.823	
0.823	
0.823	
0.777	
0.777	
0.773	
0.732	
0.732	
0.732	
0.732	
0.732	
0.732	
0.732	
0.732	
0.732	
0.732	
0.732	
0.696	
0.696	
0.696	
0.696	
0.696	
0.696	
0.696	
0.696	
0.681	
0.681	
0.681	
0.680	
0.680	
0.680	
0.680	
0.680	
0.677	
0.676	
0.676	
0.676	
0.652	
0.652	
0.652	
0.652	
0.652	
0.652	
0.652	
0.652	
0.652	
0.611	
0.590	
0.590	
0.590	
0.589	
0.572	
0.572	
0.570	
0.570	
0.559	
0.558	
0.558	
0.558	
0.558	
0.557	
0.557	
0.557	
0.557	
0.557	
0.557	
0.557	
0.557	
0.557	
0.556	
0.556	
0.556	
0.556	
0.556	
0.556	
0.556	
0.556	
0.556	
0.556	
0.556	
0.555	
0.555	
0.552	
0.552	
0.552	
0.552	
0.552	
0.552	
0.552	
0.534	
0.534	
0.525	
0.525	
0.525	
0.525	
0.525	
0.524	
0.524	
0.524	
0.524	
0.524	
0.487	
0.479	
0.479	
0.479	
0.479	
0.479	
0.479	
0.479	
0.479	
0.479	
0.479	
0.479	
0.454	
0.454	
0.444	
0.444	
0.444	
0.444	
0.444	
0.444	
0.413	
0.393	
0.377	
0.377	
0.371	
0.371	
0.371	
0.371	
0.371	
0.371	
0.371	
0.371	
0.371	
0.371	
0.371	
0.371	
0.369	
0.369	
0.369	
0.369	
0.369	
0.369	
0.369	
0.369	
0.335	
0.335	
0.335	
0.335	
0.335	
0.330	
0.310	
0.310	
0.310	
0.310	
0.289	
0.289	
0.289	
0.289	
0.289	
0.289	
0.267	
0.267	
0.267	
0.267	
0.265	
0.265	
0.265	
0.265	
0.265	
0.265	
0.265	
0.265	
0.265	
0.265	
0.265	
0.265	
0.265	
0.265	
0.265	
0.265	
0.265	
0.265	
0.265	
0.265	
0.265	
0.265	
0.265	
0.265	
0.265	
0.265	
0.265	
0.265	
0.255	
0.255	
0.255	
0.255	
0.255	
0.255	
0.248	
0.248	
0.247	
0.241	
0.241	
0.241	
0.241	
0.241	
0.241	
0.241	
0.239	
0.239	
0.239	
0.239	
0.239	
0.239	
0.239	
0.239	
0.239	
0.239	
0.239	
0.239	
0.219	
0.219	
0.218	
0.218	
0.218	
0.218	
0.218	
0.218	
0.214	
0.214	
0.214	
0.214	
0.214	
0.214	
0.214	
0.214	
0.214	
0.214	
0.202	
0.202	
0.190	
0.190	
0.190	
0.190	
0.190	
0.176	
0.176	
0.176	
0.176	
0.176	
0.176	
0.176	
0.174	
0.174	
0.174	
0.173	
0.173	
0.173	
0.173	
0.173	
0.160	
0.160	
0.160	
0.160	
0.160	
0.160	
0.160	
0.158	
0.158	
0.158	
0.141	
0.141	
0.141	
0.141	
0.141	
0.112	
0.112	
0.112	
0.112	
0.112	
0.112	
0.112	
0.112	
0.112	
0.112	
0.112	
0.112	
0.112	
0.104	
0.104	
0.104	
0.104	
0.104	
0.099	
0.099	
0.099	
0.099	
0.099	
0.099	
0.099	
0.096	
0.096	
0.096	
0.096	
0.096	
0.096	
0.096	
0.096	
0.096	
0.096	
0.096	
0.096	
0.096	
0.096	
0.096	
0.094	
0.094	
0.094	
0.094	
0.094	
0.094	
0.094	
0.090	
0.090	
0.090	
0.090	
0.090	
0.076	
0.076	
0.076	
0.076	
0.076	
0.076	
0.076	
0.076	
0.076	
0.076	
0.076	
0.076	
0.076	
0.076	
0.076	
0.076	
0.076	
0.076	
0.076	
0.076	
0.076	
0.076	
0.076	
0.076	
0.076	
0.076	
0.076	
0.076	
0.076	
0.076	
0.076	
0.062	
0.062	
0.062	
0.062	
0.062	
0.062	
0.062	
0.062	
0.062	
0.062	
0.062	
0.062	
0.062	
0.062	
0.062	
0.062	
0.062	
0.062	
0.062	
0.062	
0.062	
0.062	
0.062	
0.062	
0.062	
0.059	
0.059	
0.059	
0.059	
0.059	
0.059	
0.059	
0.059	
0.059	
0.050	
0.050	
0.050	
0.050	
0.050	
0.049	
0.049	
0.049	
0.049	
0.049	
0.049	
0.049	
0.049	
0.049	
0.049	
0.049	
0.049	
0.049	
0.049	
0.049	
0.049	
0.049	
0.049	
0.049	
0.043	
0.043	
0.043	
0.043	
0.042	
0.042	
0.042	
0.042	
0.042	
0.042	
0.042	
0.042	
0.042	
0.041	
0.041	
0.041	
0.041	
0.041	
0.041	
0.040	
0.040	
0.040	
0.040	
0.040	
0.040	
0.040	
0.040	
0.040	
0.040	
0.040	
0.040	
0.040	
0.040	
0.040	
0.040	
0.040	
0.040	
0.028	
0.028	
0.028	
0.028	
0.028	
0.028	
0.028	
0.028	
0.028	
0.028	
0.028	
0.028	
0.028	
0.028	
0.028	
0.028	
0.028	
0.028	
0.028	
0.028	
0.028	
0.028	
0.028	
0.028	
0.028	
0.028	
0.026	
0.026	
0.026	
0.026	
0.026	
0.026	
0.026	
0.026	
0.026	
0.026	
0.026	
0.026	
0.019	
0.019	
0.019	
0.019	
0.019	
0.019	
0.019	
0.017	
0.017	
0.017	
0.017	
0.017	
0.017	
0.017	
0.017	
0.017	
0.017	
0.017	
0.017	
0.017	
0.017	
0.017	
0.017	
0.017	
0.017	
0.017	
0.017	
0.017	
0.017	
0.017	
0.017	
0.017	
0.017	
0.017	
0.017	
0.017	
0.017	
0.017	
0.017	
0.015	
0.015	
0.015	
0.015	
0.015	
0.015	
0.015	
0.015	
0.015	
0.015	
0.015	
0.015	
0.015	
0.015	
0.015	
0.015	
0.015	
0.015	
0.015	
0.015	
0.015	
0.015	
0.015	
0.015	
0.015	
0.015	
0.015	
0.015	
0.015	
0.015	
0.015	
0.015	
0.015	
0.015	
0.015	
0.015	
0.015	
0.015	
0.015	
0.015	
0.015	
0.015	
0.015	
0.015	
0.015	
0.012	
0.012	
0.012	
0.012	
0.012	
0.012	
0.012	
0.012	
0.012	
0.012	
0.012	
0.012	
0.012	
0.012	
0.012	
0.012	
0.012	
0.012	
0.012	
0.012	
0.012	
0.012	
0.012	
0.012	
0.012	
0.012	
0.012	
0.012	
0.012	
0.012	
0.012	
0.012	
0.012	
0.012	
0.012	
0.012	
0.012	
0.012	
0.012	
0.012	
0.012	
0.012	
0.012	
0.012	
0.012	
0.012	
0.012	
0.012	
0.012	
0.012	
0.012	
0.012	
0.012	
0.012	
0.012	
0.012	
0.012	
0.012	
0.012	
0.012	
0.012	
0.012	
0.012	
0.012	
0.011	
0.009	
0.009	
0.009	
0.009	
0.009	
0.009	
0.009	
0.009	
0.009	
0.009	
0.009	
0.009	
0.009	
0.009	
0.009	
0.009	
0.009	
0.009	
0.009	
0.009	
0.009	
0.009	
0.009	
0.009	
0.009	
0.009	
0.009	
0.009	
0.009	
0.009	
0.009	
0.009	
0.009	
0.009	
0.009	
0.009	
0.009	
0.009	
0.009	
0.009	
0.009	
0.009	
0.009	
0.009	
0.009	
0.009	
0.009	
0.009	
0.009	
0.009	
0.009	
0.009	
0.009	
0.009	
0.009	
0.009	
0.009	
0.009	
0.009	
0.009	
0.009	
0.009	
0.009	
0.009	
0.008	
0.008	
0.008	
0.008	
0.008	
0.008	
0.008	
0.008	
0.008	
0.008	
0.008	
0.008	
0.008	
0.008	
0.008	
0.008	
0.008	
0.008	
0.008	
0.008	
0.008	
0.008	
0.008	
0.008	
0.008	
0.008	
0.008	
0.008	
0.008	
0.008	
0.008	
0.008	
0.008	
0.008	
0.008	
0.008	
0.008	
0.008	
0.008	
0.008	
0.008	
0.008	
0.008	
0.008	
0.008	
0.008	
0.008	
0.008	
0.008	
0.008	
0.008	
0.008	
0.008	
0.008	
0.008	
0.008	
0.008	
0.008	
0.008	
0.008	
0.008	
0.008	
0.008	
0.008	
0.008	
0.008	
0.008	
0.008	
0.008	
0.008	
0.008	
0.008	
0.008	
0.008	
0.008	
0.008	
0.008	
0.008	
0.008	
0.008	
0.008	
0.008	
0.008	
0.008	
0.008	
0.008	
0.008	
0.008	
0.008	
0.008	
0.008	
0.008	
0.008	
0.006	
0.006	
0.006	
0.006	
0.006	
0.006	
0.006	
0.006	
0.006	
0.006	
0.006	
0.006	
0.006	
0.006	
0.006	
0.006	
0.006	
0.006	
0.006	
0.006	
0.006	
0.006	
0.006	
0.006	
0.006	
0.006	
0.006	
0.006	
0.006	
0.006	
0.006	
0.006	
0.006	
0.006	
0.006	
0.006	
0.006	
0.006	
0.006	
0.006	
0.006	
0.006	
0.006	
0.006	
0.006	
0.006	
0.006	
0.006	
0.006	
0.006	
0.006	
0.006	
0.006	
0.006	
0.006	
0.006	
0.006	
0.006	
0.006	
0.006	
0.006	
0.006	
0.006	
0.006	
0.006	
0.006	
0.006	
0.006	
0.006	
0.006	
0.006	
0.006	
0.006	
0.006	
0.006	
0.006	
0.006	
0.006	
0.006	
0.006	
0.006	
0.006	
0.006	
0.006	
0.006	
0.006	
0.006	
0.006	
0.006	
0.006	
0.006	
0.006	
0.006	
0.006	
0.006	
0.006	
0.006	
0.006	
0.006	
0.006	
0.006	
0.006	
0.006	
0.006	
0.006	
0.006	
0.006	
0.006	
0.006	
0.006	
0.006	
0.006	
0.006	
0.006	
0.006	
0.006	
0.006	
0.006	
0.006	
0.006	
0.006	
0.006	
0.006	
0.006	
0.006	
0.006	
0.006	
0.006	
0.006	
0.006	
0.006	
0.006	
0.006	
0.006	
0.006	
0.006	
0.006	
0.006	
0.006	
0.006	
0.006	
0.006	
0.006	
0.006	
0.006	
0.006	
0.006	
0.006	
0.006	
0.006	
0.006	
0.006	
0.006	
0.006	
0.006	
0.006	
0.006	
0.006	
0.006	
0.006	
0.006	
0.006	
0.006	
0.006	
0.006	
0.006	
0.006	
0.006	
0.006	
0.006	
0.006	
0.006	
0.006	
0.006	
0.006	
0.006	
0.006	
0.006	
0.006	
0.006	
0.006	
0.006	
0.006	
0.006	
0.006	
0.006	
0.006	
0.006	
0.006	
0.006	
0.006	
0.006	
0.006	
0.006	
0.006	
0.006	
0.006	
0.006	
0.006	
0.006	
0.006	
0.006	
0.006	
0.006	
0.006	
0.005	
0.005	
0.005	
0.005	
0.005	
0.005	
0.005	
0.005	
0.005	
0.005	
0.005	
0.005	
0.005	
0.005	
0.005	
0.005	
0.005	
0.005	
0.005	
0.005	
0.005	
0.005	
0.005	
0.005	
0.005	
0.005	
0.005	
0.005	
0.005	
0.005	
0.005	
0.005	
0.005	
0.005	
0.005	
0.005	
0.005	
0.005	
0.005	
0.005	
0.005	
0.005	
0.005	
0.005	
0.005	
0.005	
0.005	
0.005	
0.005	
0.005	
0.005	
0.005	
0.005	
0.005	
0.005	
0.005	
0.005	
0.005	
0.005	
0.005	
0.004	
0.004	
0.004	
0.004	
0.004	
0.004	
0.004	
0.004	
0.004	
0.004	
0.004	
0.004	
0.004	
0.004	
0.004	
0.004	
0.004	
0.004	
0.004	
0.004	
0.004	
0.004	
0.004	
0.004	
0.004	
0.004	
0.004	
0.004	
0.004	
0.004	
0.004	
0.004	
0.004	
0.004	
0.004	
0.004	
0.004	
0.004	
0.004	
0.004	
0.004	
0.004	
0.004	
0.004	
0.004	
0.004	
0.004	
0.004	
0.004	
0.004	
0.004	
0.004	
0.004	
0.004	
0.004	
0.004	
0.004	
0.004	
0.004	
0.004	
0.004	
0.004	
0.004	
0.004	
0.004	
0.004	
0.004	
0.004	
0.004	
0.004	
0.004	
0.004	
0.004	
0.004	
0.004	
0.004	
0.004	
0.004	
0.004	
0.004	
0.004	
0.004	
0.004	
0.004	
0.004	
0.004	
0.004	
0.004	
0.004	
0.004	
0.004	
0.004	
0.004	
0.004	
0.004	
0.004	
0.004	
0.004	
0.004	
0.003	
0.003	
0.003	
0.003	
0.003	
0.003	
0.003	
0.003	
0.003	
0.003	
0.003	
0.003	
0.003	
0.003	
0.003	
0.003	
0.003	
0.003	
0.003	
0.003	
0.003	
0.003	
0.003	
0.003	
0.003	
0.003	
0.003	
0.003	
0.003	
0.003	
0.003	
0.003	
0.003	
0.003	
0.003	
0.003	
0.003	
0.003	
0.003	
0.003	
0.003	
0.003	
0.003	
0.003	
0.003	
0.003	
0.003	
0.003	
0.003	
0.003	
0.003	
0.003	
0.003	
0.003	
0.003	
0.003	
0.003	
0.003	
0.003	
0.003	
0.003	
0.003	
0.003	
0.003	
0.003	
0.003	
0.003	
0.003	
0.003	
0.003	
0.003	
0.003	
0.003	
0.003	
0.003	
0.003	
0.003	
0.003	
0.003	
0.003	
0.003	
0.003	
0.003	
0.003	
0.003	
0.003	
0.003	
0.003	
0.003	
0.003	
0.003	
0.003	
0.003	
0.003	
0.003	
0.003	
0.003	
0.003	
0.003	
0.003	
0.003	
0.003	
0.003	
0.003	
0.003	
0.003	
0.003	
0.003	
0.003	
0.003	
0.003	
0.003	
0.003	
0.003	
0.003	
0.003	
0.003	
0.003	
0.003	
0.003	
0.003	
0.003	
0.003	
0.003	
0.003	
0.003	
0.003	
0.003	
0.003	
0.003	
0.003	
0.003	
0.003	
0.003	
0.003	
0.003	
0.003	
0.003	
0.003	
0.003	
0.003	
0.003	
0.003	
0.003	
0.003	
0.003	
0.003	
0.003	
0.003	
0.003	
0.003	
0.003	
0.003	
0.003	
0.003	
0.003	
0.003	
0.003	
0.003	
0.003	
0.003	
0.003	
0.003	
0.003	
0.003	
0.003	
0.003	
0.003	
0.003	
0.003	
0.003	
0.003	
0.003	
0.003	
0.003	
0.003	
0.003	
0.003	
0.003	
0.003	
0.003	
0.003	
0.003	
0.003	
0.003	
0.003	
0.003	
0.003	
0.003	
0.003	
0.003	
0.003	
0.003	
0.003	
0.003	
0.003	
0.003	
0.003	
0.003	
0.003	
0.003	
0.003	
0.003	
0.003	
0.003	
0.003	
0.003	
0.003	
0.003	
0.003	
0.003	
0.003	
0.003	
0.003	
0.003	
0.003	
0.003	
0.003	
0.003	
0.003	
0.003	
0.003	
0.003	
0.003	
0.003	
0.003	
0.003	
0.003	
0.003	
0.003	
0.003	
0.003	
0.003	
0.003	
0.003	
0.003	
0.003	
0.003	
0.003	
0.003	
0.003	
0.003	
0.003	
0.003	
0.003	
0.003	
0.003	
0.003	
0.003	
0.003	
0.003	
0.003	
0.003	
0.003	
0.003	
0.003	
0.003	
0.003	
0.003	
0.003	
0.003	
0.003	
0.003	
0.003	
0.003	
0.003	
0.003	
0.003	
0.003	
0.003	
0.003	
0.003	
0.003	
0.003	
0.003	
0.003	
0.003	
0.003	
0.003	
0.003	
0.003	
0.003	
0.002	
0.002	
0.002	
0.002	
0.002	
0.002	
0.002	
0.002	
0.002	
0.002	
0.002	
0.002	
0.002	
0.002	
0.002	
0.002	
0.002	
0.002	
0.002	
0.002	
0.002	
0.002	
0.002	
0.002	
0.002	
0.002	
0.002	
0.002	
0.002	
0.002	
0.002	
0.002	
0.002	
0.002	
0.002	
0.002	
0.002	
0.002	
0.002	
0.002	
0.002	
0.002	
0.002	
0.002	
0.002	
0.002	
0.002	
0.002	
0.002	
0.002	
0.002	
0.002	
0.002	
0.002	
0.002	
0.002	
0.002	
0.002	
0.002	
0.002	
0.002	
0.002	
0.002	
0.002	
0.002	
0.002	
0.002	
0.002	
0.002	
0.002	
0.002	
0.002	
0.002	
0.002	
0.002	
0.002	
0.002	
0.002	
0.002	
0.002	
0.002	
0.002	
0.002	
0.002	
0.002	
0.002	
0.002	
0.002	
0.002	
0.002	
0.002	
0.002	
0.002	
0.002	
0.002	
0.002	
0.002	
0.002	
0.002	
0.002	
0.002	
0.002	
0.002	
0.002	
0.002	
0.002	
0.002	
0.002	
0.002	
0.002	
0.002	
0.002	
0.002	
0.002	
0.002	
0.002	
0.002	
0.002	
0.002	
0.002	
0.002	
0.002	
0.002	
0.002	
0.002	
0.002	
0.002	
0.002	
0.002	
0.002	
0.002	
0.002	
0.002	
0.002	
0.002	
0.002	
0.002	
0.002	
0.002	
0.002	
0.002	
0.002	
0.002	
0.002	
0.002	
0.002	
0.002	
0.002	
0.002	
0.002	
0.002	
0.002	
0.002	
0.002	
0.002	
0.002	
0.002	
0.002	
0.002	
0.002	
0.002	
0.002	
0.002	
0.002	
0.002	
0.002	
0.002	
0.002	
0.002	
0.002	
0.002	
0.002	
0.002	
0.002	
0.002	
0.002	
0.002	
0.002	
0.002	
0.002	
0.002	
0.002	
0.002	
0.002	
0.002	
0.002	
0.002	
0.002	
0.002	
0.002	
0.002	
0.002	
0.002	
0.002	
0.002	
0.002	
0.002	
0.002	
0.002	
0.002	
0.002	
0.002	
0.002	
0.002	
0.002	
0.002	
0.002	
0.002	
0.002	
0.002	
0.002	
0.002	
0.002	
0.002	
0.002	
0.002	
0.002	
0.002	
0.002	
0.002	
0.002	
0.002	
0.002	
0.002	
0.002	
0.002	
0.002	
0.002	
0.002	
0.002	
0.002	
0.002	
0.002	
0.002	
0.002	
0.002	
0.002	
0.002	
0.002	
0.002	
0.002	
0.002	
0.002	
0.002	
0.002	
0.002	
0.002	
0.002	
0.002	
0.002	
0.002	
0.002	
0.002	
0.002	
0.002	
0.002	
0.002	
0.002	
0.002	
0.002	
0.002	
0.002	
0.002	
0.002	
0.002	
0.002	
0.002	
0.002	
0.002	
0.002	
0.002	
0.002	
0.002	
0.002	
0.002	
0.002	
0.002	
0.002	
0.002	
0.002	
0.002	
0.002	
0.002	
0.002	
0.002	
0.002	
0.002	
0.002	
0.002	
0.002	
0.002	
0.002	
0.002	
0.002	
0.002	
0.002	
0.002	
0.002	
0.002	
0.002	
0.002	
0.002	
0.002	
0.002	
0.002	
0.002	
0.002	
0.002	
0.002	
0.002	
0.002	
0.002	
0.002	
0.002	
0.002	
0.002	
0.002	
0.002	
0.002	
0.002	
0.002	
0.002	
0.002	
0.002	
0.002	
0.002	
0.002	
0.002	
0.002	
0.002	
0.002	
0.002	
0.002	
0.002	
0.002	
0.002	
0.002	
0.002	
0.002	
0.002	
0.002	
0.002	
0.002	
0.002	
0.002	
0.002	
0.002	
0.002	
0.002	
0.002	
0.002	
0.002	
0.002	
0.002	
0.002	
0.002	
0.002	
0.002	
0.002	
0.002	
0.002	
0.002	
0.002	
0.002	
0.002	
0.002	
0.002	
0.002	
0.002	
0.002	
0.002	
0.002	
0.002	
0.002	
0.002	
0.002	
0.002	
0.002	
0.002	
0.002	
0.002	
0.002	
0.002	
0.002	
0.002	
0.002	
0.002	
0.002	
0.002	
0.002	
0.002	
0.002	
0.002	
0.002	
0.002	
0.002	
0.002	
0.002	
0.002	
0.002	
0.002	
0.002	
0.002	
0.002	
0.002	
0.002	
0.002	
0.002	
0.002	
0.002	
0.002	
0.002	
0.002	
0.002	
0.002	
0.002	
0.002	
0.002	
0.002	
0.002	
0.002	
0.002	
0.002	
0.002	
0.002	
0.002	
0.002	
0.002	
0.002	
0.002	
0.002	
0.002	
0.002	
0.002	
0.002	
0.002	
0.002	
0.002	
0.002	
0.002	
0.002	
0.002	
0.002	
0.002	
0.002	
0.002	
0.002	
0.002	
0.002	
0.002	
0.002	
0.002	
0.002	
0.002	
0.002	
0.002	
0.002	
0.002	
0.002	
0.002	
0.002	
0.002	
0.002	
0.002	
0.002	
0.002	
0.002	
0.002	
0.002	
0.002	
0.002	
0.002	
0.002	
0.002	
0.002	
0.002	
0.002	
0.002	
0.002	
0.002	
0.002	
0.002	
0.002	
0.002	
0.002	
0.002	
0.002	
0.002	
0.002	
0.002	
0.002	
0.002	
0.002	
0.002	
0.002	
0.002	
0.002	
0.002	
0.002	
0.002	
0.002	
0.002	
0.002	
0.002	
0.002	
0.002	
0.002	
0.002	
0.002	
0.002	
0.002	
0.002	
0.002	
0.002	
0.002	
0.002	
0.002	
0.002	
0.002	
0.002	
0.002	
0.002	
0.002	
0.002	
0.002	
0.002	
0.002	
0.002	
0.002	
0.002	
0.002	
0.002	
0.002	
0.002	
0.002	
0.002	
0.002	
0.002	
0.002	
0.002	
0.002	
0.002	
0.002	
0.002	
0.002	
0.002	
0.002	
0.002	
0.002	
0.002	
0.002	
0.002	
0.002	
0.002	
0.002	
0.002	
0.002	
0.002	
0.002	
0.002	
0.002	
0.002	
0.002	
0.002	
0.002	
0.002	
0.002	
0.002	
0.002	
0.002	
0.002	
0.002	
0.002	
0.002	
0.002	
0.002	
0.002	
0.002	
0.002	
0.002	
0.002	
0.002	
0.002	
0.002	
0.002	
0.002	
0.002	
0.002	
0.002	
0.002	
0.002	
0.002	
0.002	
0.002	
0.002	
0.002	
0.002	
0.002	
0.002	
0.002	
0.002	
0.002	
0.002	
0.002	
0.002	
0.002	
0.002	
0.002	
0.002	
0.002	
0.002	
0.002	
0.002	
0.002	
0.002	
0.002	
0.002	
0.002	
0.002	
0.002	
0.002	
0.002	
0.002	
0.002	
0.002	
0.002	
0.002	
0.002	
0.002	
0.002	
0.002	
0.002	
0.002	
0.002	
0.002	
0.002	
0.002	
0.002	
0.002	
0.002	
0.002	
0.002	
0.002	
0.002	
0.002	
0.002	
0.002	
0.002	
0.002	
0.002	
0.002	
0.002	
0.002	
0.002	
0.002	
0.002	
0.002	
0.002	
0.002	
0.002	
0.002	
0.002	
0.002	
0.002	
0.002	
0.002	
0.002	
0.002	
0.002	
0.002	
0.002	
0.002	
0.002	
0.002	
0.002	
0.002	
0.002	
0.002	
0.002	
0.002	
0.002	
0.002	
0.002	
0.002	
0.002	
0.002	
0.002	
0.002	
0.002	
0.002	
0.002	
0.002	
0.002	
0.002	
0.002	
0.002	
0.002	
0.002	
0.002	
0.002	
0.002	
0.002	
0.002	
0.002	
0.002	
0.002	
0.002	
0.002	
0.002	
0.002	
0.002	
0.002	
0.002	
0.002	
0.002	
0.002	
0.002	
0.002	
0.002	
0.002	
0.002	
0.002	
0.002	
0.002	
0.002	
0.002	
0.002	
0.002	
0.002	
0.002	
0.002	
0.002	
0.002	
0.002	
0.002	
0.002	
0.002	
0.002	
0.002	
0.002	
0.002	
0.002	
0.002	
0.002	
0.002	
0.002	
0.002	
0.002	
0.002	
0.002	
0.002	
0.002	
0.002	
0.002	
0.002	
0.002	
0.002	
0.002	
0.002	
0.002	
0.002	
0.002	
0.002	
0.002	
0.002	
0.002	
0.002	
0.002	
0.002	
0.002	
0.002	
0.002	
0.002	
0.002	
0.002	
0.002	
0.002	
0.002	
0.002	
0.002	
0.002	
0.002	
0.002	
0.002	
0.002	
0.002	
0.002	
0.002	
0.002	
0.002	
0.002	
0.002	
0.002	
0.002	
0.002	
0.002	
0.002	
0.002	
0.002	
0.002	
0.002	
0.002	
0.002	
0.002	
0.002	
0.002	
0.002	
0.002	
0.002	
0.002	
0.002	
0.002	
0.002	
0.002	
0.002	
0.002	
0.002	
0.002	
0.002	
0.002	
0.002	
0.002	
0.002	
0.002	
0.002	
0.002	
0.002	
0.002	
0.002	
0.002	
0.002	
0.002	
0.002	
0.002	
0.002	
0.002	
0.002	
0.002	
0.002	
0.002	
0.002	
0.002	
0.002	
0.002	
0.002	
0.002	
0.002	
0.002	
0.002	
0.002	
0.002	
0.002	
0.002	
0.002	
0.002	
0.002	
0.002	
0.002	
0.002	
0.002	
0.002	
0.002	
0.002	
0.002	
0.002	
0.002	
0.002	
0.002	
0.002	
0.002	
0.002	
0.002	
0.002	
0.002	
0.002	
0.002	
0.002	
0.002	
0.002	
0.002	
0.002	
0.002	
0.002	
0.002	
0.002	
0.002	
0.002	
0.002	
0.002	
0.002	
0.002	
0.002	
0.002	
0.002	
0.002	
0.002	
0.002	
0.002	
0.002	
0.002	
0.002	
0.002	
0.002	
0.002	
0.002	
0.002	
0.002	
0.002	
0.002	
0.002	
0.002	
0.002	
0.002	
0.002	
0.002	
0.002	
0.002	
0.002	
0.001	
0.001	
0.001	
0.001	
0.001	
0.001	
0.001	
0.001	
0.001	
0.001	
0.001	
0.001	
0.001	
0.001	
0.001	
0.001	
0.001	
0.001	
0.001	
0.001	
0.001	
0.001	
0.001	
0.001	
0.001	
0.001	
0.001	
0.001	
0.001	
0.001	
0.001	
0.001	
0.001	
0.001	
0.001	
0.001	
0.001	
0.001	
0.001	
0.001	
0.001	
0.001	
0.001	
0.001	
0.001	
0.001	
0.001	
0.001	
0.001	
0.001	
0.001	
0.001	
0.001	
0.001	
0.001	
0.001	
0.001	
0.001	
0.001	
0.001	
0.001	
0.001	
0.001	
0.001	
0.001	
0.001	
0.001	
0.001	
0.001	
0.001	
0.001	
0.001	
0.001	
0.001	
0.001	
0.001	
0.001	
0.001	
0.001	
0.001	
0.001	
0.001	
0.001	
0.001	
0.001	
0.001	
0.001	
0.001	
0.001	
0.001	
0.001	
0.001	
0.001	
0.001	
0.001	
0.001	
0.001	
0.001	
0.001	
0.001	
0.001	
0.001	
0.001	
0.001	
0.001	
0.001	
0.001	
0.001	
0.001	
0.001	
0.001	
0.001	
0.001	
0.001	
0.001	
0.001	
0.001	
0.001	
0.001	
0.001	
0.001	
0.001	
0.001	
0.001	
0.001	
0.001	
0.001	
0.001	
0.001	
0.001	
0.001	
0.001	
0.001	
0.001	
0.001	
0.001	
0.001	
0.001	
0.001	
0.001	
0.001	
0.001	
0.001	
0.001	
0.001	
0.001	
0.001	
0.001	
0.001	
0.001	
0.001	
0.001	
0.001	
0.001	
0.001	
0.001	
0.001	
0.001	
0.001	
0.001	
0.001	
0.001	
0.001	
0.001	
0.001	
0.001	
0.001	
0.001	
0.001	
0.001	
0.001	
0.001	
0.001	
0.001	
0.001	
0.001	
0.001	
0.001	
0.001	
0.001	
0.001	
0.001	
0.001	
0.001	
0.001	
0.001	
0.001	
0.001	
0.001	
0.001	
0.001	
0.001	
0.001	
0.001	
0.001	
0.001	
0.001	
0.001	
0.001	
0.001	
0.001	
0.001	
0.001	
0.001	
0.001	
0.001	
0.001	
0.001	
0.001	
0.001	
0.001	
0.001	
0.001	
0.001	
0.001	
0.001	
0.001	
0.001	
0.001	
0.001	
0.001	
0.001	
0.001	
0.001	
0.001	
0.001	
0.001	
0.001	
0.001	
0.001	
0.001	
0.001	
0.001	
0.001	
0.001	
0.001	
0.001	
0.001	
0.001	
0.001	
0.001	
0.001	
0.001	
0.001	
0.001	
0.001	
0.001	
0.001	
0.001	
0.001	
0.001	
0.001	
0.001	
0.001	
0.001	
0.001	
0.001	
0.001	
0.001	
0.001	
0.001	
0.001	
0.001	
0.001	
0.001	
0.001	
0.001	
0.001	
0.001	
0.001	
0.001	
0.001	
0.001	
0.001	
0.001	
0.001	
0.001	
0.001	
0.001	
0.001	
0.001	
0.001	
0.001	
0.001	
0.001	
0.001	
0.001	
0.001	
0.001	
0.001	
0.001	
0.001	
0.001	
0.001	
0.001	
0.001	
0.001	
0.001	
0.001	
0.001	
0.001	
0.001	
0.001	
0.001	
0.001	
0.001	
0.001	
0.001	
0.001	
0.001	
0.001	
0.001	
0.001	
0.001	
0.001	
0.001	
0.001	
0.001	
0.001	
0.001	
0.001	
0.001	
0.001	
0.001	
0.001	
0.001	
0.001	
0.001	
0.001	
0.001	
0.001	
0.001	
0.001	
0.001	
0.001	
0.001	
0.001	
0.001	
0.001	
0.001	
0.001	
0.001	
0.001	
0.001	
0.001	
0.001	
0.001	
0.001	
0.001	
0.001	
0.001	
0.001	
0.001	
0.001	
0.001	
0.001	
0.001	
0.001	
0.001	
0.001	
0.001	
0.001	
0.001	
0.001	
0.001	
0.001	
0.001	
0.001	
0.001	
0.001	
0.001	
0.001	
0.001	
0.001	
0.001	
0.001	
0.001	
0.001	
0.001	
0.001	
0.001	
0.001	
0.001	
0.001	
0.001	
0.001	
0.001	
0.001	
0.001	
0.001	
0.001	
0.001	
0.001	
0.001	
0.001	
0.001	
0.001	
0.001	
0.001	
0.001	
0.001	
0.001	
0.001	
0.001	
0.001	
0.001	
0.001	
0.001	
0.001	
0.001	
0.001	
0.001	
0.001	
0.001	
0.001	
0.001	
0.001	
0.001	
0.001	
0.001	
0.001	
0.001	
0.001	
0.001	
0.001	
0.001	
0.001	
0.001	
0.001	
0.001	
0.001	
0.001	
0.001	
0.001	
0.001	
0.001	
0.001	
0.001	
0.001	
0.001	
0.001	
0.001	
0.001	
0.001	
0.001	
0.001	
0.001	
0.001	
0.001	
0.001	
0.001	
0.001	
0.001	
0.001	
0.001	
0.001	
0.001	
0.001	
0.001	
0.001	
0.001	
0.001	
0.001	
0.001	
0.001	
0.001	
0.001	
0.001	
0.001	
0.001	
0.001	
0.001	
0.001	
0.001	
0.001	
0.001	
0.001	
0.001	
0.001	
0.001	
0.001	
0.001	
0.001	
0.001	
0.001	
0.001	
0.001	
0.001	
0.001	
0.001	
0.001	
0.001	
0.001	
0.001	
0.001	
0.001	
0.001	
0.001	
0.001	
0.001	
0.001	
0.001	
0.001	
0.001	
0.001	
0.001	
0.001	
0.001	
0.001	
0.001	
0.001	
0.001	
0.001	
0.001	
0.001	
0.001	
0.001	
0.001	
0.001	
0.001	
0.001	
0.001	
0.001	
0.001	
0.001	
0.001	
0.001	
0.001	
0.001	
0.001	
0.001	
0.001	
0.001	
0.001	
0.001	
0.001	
0.001	
0.001	
0.001	
0.001	
0.001	
0.001	
0.001	
0.001	
0.001	
0.001	
0.001	
0.001	
0.001	
0.001	
0.001	
0.001	
0.001	
0.001	
0.001	
0.001	
0.001	
0.001	
0.001	
0.001	
0.001	
0.001	
0.001	
0.001	
0.001	
0.001	
0.001	
0.001	
0.001	
0.001	
0.001	
0.001	
0.001	
0.001	
0.001	
0.001	
0.001	
0.001	
0.001	
0.001	
0.001	
0.001	
0.001	
0.001	
0.001	
0.001	
0.001	
0.001	
0.001	
0.001	
0.001	
0.001	
0.001	
0.001	
0.001	
0.001	
0.001	
0.001	
0.001	
0.001	
0.001	
0.001	
0.001	
0.001	
0.001	
0.001	
0.001	
0.001	
0.001	
0.001	
0.001	
0.001	
0.001	
0.001	
0.001	
0.001	
0.001	
0.001	
0.001	
0.001	
0.001	
0.001	
0.001	
0.001	
0.001	
0.001	
0.001	
0.001	
0.001	
0.001	
0.001	
0.001	
0.001	
0.001	
0.001	
0.001	
0.001	
0.001	
0.001	
0.001	
0.001	
0.001	
0.001	
0.001	
0.001	
0.001	
0.001	
0.001	
0.001	
0.001	
0.001	
0.001	
0.001	
0.001	
0.001	
0.001	
0.001	
0.001	
0.001	
0.001	
0.001	
0.001	
0.001	
0.001	
0.001	
0.001	
0.001	
0.001	
0.001	
0.001	
0.001	
0.001	
0.001	
0.001	
0.001	
0.001	
0.001	
0.001	
0.001	
0.001	
0.001	
0.001	
0.001	
0.001	
0.001	
0.001	
0.001	
0.001	
0.001	
0.001	
0.001	
0.001	
0.001	
0.001	
0.001	
0.001	
0.001	
0.001	
0.001	
0.001	
0.001	
0.001	
0.001	
0.001	
0.001	
0.001	
0.001	
0.001	
0.001	
0.001	
0.001	
0.001	
0.001	
0.001	
0.001	
0.001	
0.001	
0.001	
0.001	
0.001	
0.001	
0.001	
0.001	
0.001	
0.001	
0.001	
0.001	
0.001	
0.001	
0.001	
0.001	
0.001	
0.001	
0.001	
0.001	
0.001	
0.001	
0.001	
0.001	
0.001	
0.001	
0.001	
0.001	
0.001	
0.001	
0.001	
0.001	
0.001	
0.001	
0.001	
0.001	
0.001	
0.001	
0.001	
0.001	
0.001	
0.001	
0.001	
0.001	
0.001	
0.001	
0.001	
0.001	
0.001	
0.001	
0.001	
0.001	
0.001	
0.001	
0.001	
0.001	
0.001	
0.001	
0.001	
0.001	
0.001	
0.001	
0.001	
0.001	
0.001	
0.001	
0.001	
0.001	
0.001	
0.001	
0.001	
0.001	
0.001	
0.001	
0.001	
0.001	
0.001	
0.001	
0.001	
0.001	
0.001	
0.001	
0.001	
0.001	
0.001	
0.001	
0.001	
0.001	
0.001	
0.001	
0.001	
0.001	
0.001	
0.001	
0.001	
0.001	
0.001	
0.001	
0.001	
0.001	
0.001	
0.001	
0.001	
0.001	
0.001	
0.001	
0.001	
0.001	
0.001	
0.001	
0.001	
0.001	
0.001	
0.001	
0.001	
0.001	
0.001	
0.001	
0.001	
0.001	
0.001	
0.001	
0.001	
0.001	
0.001	
0.001	
0.001	
0.001	
0.001	
0.001	
0.001	
0.001	
0.001	
0.001	
0.001	
0.001	
0.001	
0.001	
0.001	
0.001	
0.001	
0.001	
0.001	
0.001	
0.001	
0.001	
0.001	
0.001	
0.001	
0.001	
0.001	
0.001	
0.001	
0.001	
0.001	
0.001	
0.001	
0.001	
0.001	
0.001	
0.001	
0.001	
0.001	
0.001	
0.001	
0.001	
0.001	
0.001	
0.001	
0.001	
0.001	
0.001	
0.001	
0.001	
0.001	
0.001	
0.001	
0.001	
0.001	
0.001	
0.001	
0.001	
0.001	
0.001	
0.001	
0.001	
0.001	
0.001	
0.001	
0.001	
0.001	
0.001	
0.001	
0.001	
0.001	
0.001	
0.001	
0.001	
0.001	
0.001	
0.001	
0.001	
0.001	
0.001	
0.001	
0.001	
0.001	
0.001	
0.001	
0.001	
0.001	
0.001	
0.001	
0.001	
0.001	
0.001	
0.001	
0.001	
0.001	
0.001	
0.001	
0.001	
0.001	
0.001	
0.001	
0.001	
0.001	
0.001	
0.001	
0.001	
0.001	
0.001	
0.001	
0.001	
0.001	
0.001	
0.001	
0.001	
0.001	
0.001	
0.001	
0.001	
0.001	
0.001	
0.001	
0.001	
0.001	
0.001	
0.001	
0.001	
0.001	
0.001	
0.001	
0.001	
0.001	
0.001	
0.001	
0.001	
0.001	
0.001	
0.001	
0.001	
0.001	
0.001	
0.001	
0.001	
0.001	
0.001	
0.001	
0.001	
0.001	
0.001	
0.001	
0.001	
0.001	
0.001	
0.001	
0.001	
0.001	
0.001	
0.001	
0.001	
0.001	
0.001	
0.001	
0.001	
0.001	
0.001	
0.001	
0.001	
0.001	
0.001	
0.001	
0.001	
0.001	
0.001	
0.001	
0.001	
0.001	
0.001	
0.001	
0.001	
0.001	
0.001	
0.001	
0.001	
0.001	
0.001	
0.001	
0.001	
0.001	
0.001	
0.001	
0.001	
0.001	
0.001	
0.001	
0.001	
0.001	
0.001	
0.001	
0.001	
0.001	
0.001	
0.001	
0.001	
0.001	
0.001	
0.001	
0.001	
0.001	
0.001	
0.001	
0.001	
0.001	
0.001	
0.001	
0.001	
0.001	
0.001	
0.001	
0.001	
0.001	
0.001	
0.001	
0.001	
0.001	
0.001	
0.001	
0.001	
0.001	
0.001	
0.001	
0.001	
0.001	
0.001	
0.001	
0.001	
0.001	
0.001	
0.001	
0.001	
0.001	
0.001	
0.001	
0.001	
0.001	
0.001	
0.001	
0.001	
0.001	
0.001	
0.001	
0.001	
0.001	
0.001	
0.001	
0.001	
0.001	
0.001	
0.001	
0.001	
0.001	
0.001	
0.001	
0.001	
0.001	
0.001	
0.001	
0.001	
0.001	
0.001	
0.001	
0.001	
0.001	
0.001	
0.001	
0.001	
0.001	
0.001	
0.001	
0.001	
0.001	
0.001	
0.001	
0.001	
0.001	
0.001	
0.001	
0.001	
0.001	
0.001	
0.001	
0.001	
0.001	
0.001	
0.001	
0.001	
0.001	
0.001	
0.001	
0.001	
0.001	
0.001	
0.001	
0.001	
0.001	
0.001	
0.001	
0.001	
0.001	
0.001	
0.001	
0.001	
0.001	
0.001	
0.001	
0.001	
0.001	
0.001	
0.001	
0.001	
0.001	
0.001	
0.001	
0.001	
0.001	
0.001	
0.001	
0.001	
0.001	
0.001	
0.001	
0.001	
0.001	
0.001	
0.001	
0.001	
0.001	
0.001	
0.001	
0.001	
0.001	
0.001	
0.001	
0.001	
0.001	
0.001	
0.001	
0.001	
0.001	
0.001	
0.001	
0.001	
0.001	
0.001	
0.001	
0.001	
0.001	
0.001	
0.001	
0.001	
0.001	
0.001	
0.001	
0.001	
0.001	
0.001	
0.001	
0.001	
0.001	
0.001	
0.001	
0.001	
0.001	
0.001	
0.001	
0.001	
0.001	
0.001	
0.001	
0.001	
0.001	
0.001	
0.001	
0.001	
0.001	
0.001	
0.001	
0.001	
0.001	
0.001	
0.001	
0.001	
0.001	
0.001	
0.001	
0.001	
0.001	
0.001	
0.001	
0.001	
0.001	
0.001	
0.001	
0.001	
0.001	
0.001	
0.001	
0.001	
0.001	
0.001	
0.001	
0.001	
0.001	
0.001	
0.001	
0.001	
0.001	
0.001	
0.001	
0.001	
0.001	
0.001	
0.001	
0.001	
0.001	
0.001	
0.001	
0.001	
0.001	
0.001	
0.001	
0.001	
0.001	
0.001	
0.001	
0.001	
0.001	
0.001	
0.001	
0.001	
0.001	
0.001	
0.001	
0.001	
0.001	
0.001	
0.001	
0.001	
0.001	
0.001	
0.001	
0.001	
0.001	
0.001	
0.001	
0.001	
0.001	
0.001	
0.001	
0.001	
0.001	
0.001	
0.001	
0.001	
0.001	
0.001	
0.001	
0.001	
0.001	
0.001	
0.001	
0.001	
0.001	
0.001	
0.001	
0.001	
0.001	
0.001	
0.001	
0.001	
0.001	
0.001	
0.001	
0.001	
0.001	
0.001	
0.001	
0.001	
0.001	
0.001	
0.001	
0.001	
0.001	
0.001	
0.001	
0.001	
0.001	
0.001	
0.001	
0.001	
0.001	
0.001	
0.001	
0.001	
0.001	
0.001	
0.001	
0.001	
0.001	
0.001	
0.001	
0.001	
0.001	
0.001	
0.001	
0.001	
0.001	
0.001	
0.001	
0.001	
0.001	
0.001	
0.001	
0.001	
0.001	
0.001	
0.001	
0.001	
0.001	
0.001	
0.001	
0.001	
0.001	
0.001	
0.001	
0.001	
0.001	
0.001	
0.001	
0.001	
0.001	
0.001	
0.001	
0.001	
0.001	
0.001	
0.001	
0.001	
0.001	
0.001	
0.001	
0.001	
0.001	
0.001	
0.001	
0.001	
0.001	
0.001	
0.001	
0.001	
0.001	
0.001	
0.001	
0.001	
0.001	
0.001	
0.001	
0.001	
0.001	
0.001	
0.001	
0.001	
0.001	
0.001	
0.001	
0.001	
0.001	
0.001	
0.001	
0.001	
0.001	
0.001	
0.001	
0.001	
0.001	
0.001	
0.001	
0.001	
0.001	
0.001	
0.001	
0.001	
0.001	
0.001	
0.001	
0.001	
0.001	
0.001	
0.001	
0.001	
0.001	
0.001	
0.001	
0.001	
0.001	
0.001	
0.001	
0.001	
0.001	
0.001	
0.001	
0.001	
0.001	
0.001	
0.001	
0.001	
0.001	
0.001	
0.001	
0.001	
0.001	
0.001	
0.001	
0.001	
0.001	
0.001	
0.001	
0.001	
0.001	
0.001	
0.001	
0.001	
0.001	
0.001	
0.001	
0.001	
0.001	
0.001	
0.001	
0.001	
0.001	
0.001	
0.001	
0.001	
0.001	
0.001	
0.001	
0.001	
0.001	
0.001	
0.001	
0.001	
0.001	
0.001	
0.001	
0.001	
0.001	
0.001	
0.001	
0.001	
0.001	
0.001	
0.001	
0.001	
0.001	
0.001	
0.001	
0.001	
0.001	
0.001	
0.001	
0.001	
0.001	
0.001	
0.001	
0.001	
0.001	
0.001	
0.001	
0.001	
0.001	
0.001	
0.001	
0.001	
0.001	
0.001	
0.001	
0.001	
0.001	
0.001	
0.001	
0.001	
0.001	
0.001	
0.001	
0.001	
0.001	
0.001	
0.001	
0.001	
0.001	
0.001	
0.001	
0.001	
0.001	
0.001	
0.001	
0.001	
0.001	
0.001	
0.001	
0.001	
0.001	
0.001	
0.001	
0.001	
0.001	
0.001	
0.001	
0.001	
0.001	
0.001	
0.001	
0.001	
0.001	
0.001	
0.001	
0.001	
0.001	
0.001	
0.001	
0.001	
0.001	
0.001	
0.001	
0.001	
0.001	
0.001	
0.001	
0.001	
0.001	
0.001	
0.001	
0.001	
0.001	
0.001	
0.001	
0.001	
0.001	
0.001	
0.001	
0.001	
0.001	
0.001	
0.001	
0.001	
0.001	
0.001	
0.001	
0.001	
0.001	
0.001	
0.001	
0.001	
0.001	
0.001	
0.001	
0.001	
0.001	
0.001	
0.001	
0.001	
0.001	
0.001	
0.001	
0.001	
0.001	
0.001	
0.001	
0.001	
0.001	
0.001	
0.001	
0.001	
0.001	
0.001	
0.001	
0.001	
0.001	
0.001	
0.001	
0.001	
0.001	
0.001	
0.001	
0.001	
0.001	
0.001	
0.001	
0.001	
0.001	
0.001	
0.001	
0.001	
0.001	
0.001	
0.001	
0.001	
0.001	
0.001	
0.001	
0.001	
0.001	
0.001	
0.001	
0.001	
0.001	
0.001	
0.001	
0.001	
0.001	
0.001	
0.001	
0.001	
0.001	
0.001	
0.001	
0.001	
0.001	
0.001	
0.001	
0.001	
0.001	
0.001	
0.001	
0.001	
0.001	
0.001	
0.001	
0.001	
0.001	
0.001	
0.001	
0.001	
0.001	
0.001	
0.001	
0.001	
0.001	
0.001	
0.001	
0.001	
0.001	
0.001	
0.001	
0.001	
0.001	
0.001	
0.001	
0.001	
0.001	
0.001	
0.001	
0.001	
0.001	
0.001	
0.001	
0.001	
0.001	
0.001	
0.001	
0.001	
0.001	
0.001	
0.001	
0.001	
0.001	
0.001	
0.001	
0.001	
0.001	
0.001	
0.001	
0.001	
0.001	
0.001	
0.001	
0.001	
0.001	
0.001	
0.001	
0.001	
0.001	
0.001	
0.001	
0.001	
0.001	
0.001	
0.001	
0.001	
0.001	
0.001	
0.001	
0.001	
0.001	
0.001	
0.001	
0.001	
0.001	
0.001	
0.001	
0.001	
0.001	
0.001	
0.001	
0.001	
0.001	
0.001	
0.001	
0.001	
0.001	
0.001	
0.001	
0.001	
0.001	
0.001	
0.001	
0.001	
0.001	
0.001	
0.001	
0.001	
0.001	
0.001	
0.001	
0.001	
0.001	
0.001	
0.001	
0.001	
0.001	
0.001	
0.001	
0.001	
0.001	
0.001	
0.001	
0.001	
0.001	
0.001	
0.001	
0.001	
0.001	
0.001	
0.001	
0.001	
0.001	
0.001	
0.001	
0.001	
0.001	
0.001	
0.001	
0.001	
0.001	
0.001	
0.001	
0.001	
0.001	
0.001	
0.001	
0.001	
0.001	
0.001	
0.001	
0.001	
0.001	
0.001	
0.001	
0.001	
0.001	
0.001	
0.001	
0.001	
0.001	
0.001	
0.001	
0.001	
0.001	
0.001	
0.001	
0.001	
0.001	
0.001	
0.001	
0.001	
0.001	
0.001	
0.001	
0.001	
0.001	
0.001	
0.001	
0.001	
0.001	
0.001	
0.001	
0.001	
0.001	
0.001	
0.001	
0.001	
0.001	
0.001	
0.001	
0.001	
0.001	
0.001	
0.001	
0.001	
0.001	
0.001	
0.001	
0.001	
0.001	
0.001	
0.001	
0.001	
0.001	
0.001	
0.001	
0.001	
0.001	
0.001	
0.001	
0.001	
0.001	
0.001	
0.001	
0.001	
0.001	
0.001	
0.001	
0.001	
0.001	
0.001	
0.001	
0.001	
0.001	
0.001	
0.001	
0.001	
0.001	
0.001	
0.001	
0.001	
0.001	
0.001	
0.001	
0.001	
0.001	
0.001	
0.001	
0.001	
0.001	
0.001	
0.001	
0.001	
0.001	
0.001	
0.001	
0.001	
0.001	
0.001	
0.001	
0.001	
0.001	
0.001	
0.001	
0.001	
0.001	
0.001	
0.001	
0.001	
0.001	
0.001	
0.001	
0.001	
0.001	
0.001	
0.001	
0.001	
0.001	
0.001	
0.001	
0.001	
0.001	
0.001	
0.001	
0.001	
0.001	
0.001	
0.001	
0.001	
0.001	
0.001	
0.001	
0.001	
0.001	
0.001	
0.001	
0.001	
0.001	
0.001	
0.001	
0.001	
0.001	
0.001	
0.001	
0.001	
0.001	
0.001	
0.001	
0.001	
0.001	
0.001	
0.001	
0.001	
0.001	
0.001	
0.001	
0.001	
0.001	
0.001	
0.001	
0.001	
0.001	
0.001	
0.001	
0.001	
0.001	
0.001	
0.001	
0.001	
0.001	
0.001	
0.001	
0.001	
0.001	
0.001	
0.001	
0.001	
0.001	
0.001	
0.001	
0.001	
0.001	
0.001	
0.001	
0.001	
0.001	
0.001	
0.001	
0.001	
0.001	
0.001	
0.001	
0.001	
0.001	
0.001	
0.001	
0.001	
0.001	
0.001	
0.001	
0.001	
0.001	
0.001	
0.001	
0.001	
0.001	
0.001	
0.001	
0.001	
0.001	
0.001	
0.001	
0.001	
0.001	
0.001	
0.001	
0.001	
0.001	
0.001	
0.001	
0.001	
0.001	
0.001	
0.001	
0.001	
0.001	
0.001	
0.001	
0.001	
0.001	
0.001	
0.001	
0.001	
0.001	
0.001	
0.001	
0.001	
0.001	
0.001	
0.001	
0.001	
0.001	
0.001	
0.001	
0.001	
0.001	
0.001	
0.001	
0.001	
0.001	
0.001	
0.001	
0.001	
0.001	
0.001	
0.001	
0.001	
0.001	
0.001	
0.001	
0.001	
0.001	
0.001	
0.001	
0.001	
0.001	
0.001	
0.001	
0.001	
0.001	
0.001	
0.001	
0.001	
0.001	
0.001	
0.001	
0.001	
0.001	
0.001	
0.001	
0.001	
0.001	
0.001	
0.001	
0.001	
0.001	
0.001	
0.001	
0.001	
0.001	
0.001	
0.001	
0.001	
0.001	
0.001	
0.001	
0.001	
0.001	
0.001	
0.001	
0.001	
0.001	
0.001	
0.001	
0.001	
0.001	
0.001	
0.001	
0.001	
0.001	
0.001	
0.001	
0.001	
0.001	
0.001	
0.001	
0.001	
0.001	
0.001	
0.001	
0.001	
0.001	
0.001	
0.001	
0.001	
0.001	
0.001	
0.001	
0.001	
0.001	
0.001	
0.001	
0.001	
0.001	
0.001	
0.001	
0.001	
0.001	
0.001	
0.001	
0.001	
0.001	
0.001	
0.001	
0.001	
0.001	
0.001	
0.001	
0.001	
0.001	
0.001	
0.001	
0.001	
0.001	
0.001	
0.001	
0.001	
0.001	
0.001	
0.001	
0.001	
0.001	
0.001	
0.001	
0.001	
0.001	
0.001	
0.001	
0.001	
0.001	
0.001	
0.001	
0.001	
0.001	
0.001	
0.001	
0.001	
0.001	
0.001	
0.001	
0.001	
0.001	
0.001	
0.001	
0.001	
0.001	
0.001	
0.001	
0.001	
0.001	
0.001	
0.001	
0.001	
0.001	
0.001	
0.001	
0.001	
0.001	
0.001	
0.001	
0.001	
0.001	
0.001	
0.001	
0.001	
0.001	
0.001	
0.001	
0.001	
0.001	
0.001	
0.001	
0.001	
0.001	
0.001	
0.001	
0.001	
0.001	
0.001	
0.001	
0.001	
0.001	
0.001	
0.001	
0.001	
0.001	
0.001	
0.001	
0.001	
0.001	
0.001	
0.001	
0.001	
0.001	
0.001	
0.001	
0.001	
0.001	
0.001	
0.001	
0.001	
0.001	
0.001	
0.001	
0.001	
0.001	
0.001	
0.001	
0.001	
0.001	
0.001	
0.001	
0.001	
0.001	
0.001	
0.001	
0.001	
0.001	
0.001	
0.001	
0.001	
0.001	
0.001	
0.001	
0.001	
0.001	
0.001	
0.001	
0.001	
0.001	
0.001	
0.001	
0.001	
0.001	
0.001	
0.001	
0.001	
0.001	
0.001	
0.001	
0.001	
0.001	
0.001	
0.001	
0.001	
0.001	
0.001	
0.001	
0.001	
0.001	
0.001	
0.001	
0.001	
0.001	
0.001	
0.001	
0.001	
0.001	
0.001	
0.001	
0.001	
0.001	
0.001	
0.001	
0.001	
0.001	
0.001	
0.001	
0.001	
0.001	
0.001	
0.001	
0.001	
0.001	
0.001	
0.001	
0.001	
0.001	
0.001	
0.001	
0.001	
0.001	
0.001	
0.001	
0.001	
0.001	
0.001	
0.001	
0.001	
0.001	
0.001	
0.001	
0.001	
0.001	
0.001	
0.001	
0.001	
0.001	
0.001	
0.001	
0.001	
0.001	
0.001	
0.001	
0.001	
0.001	
0.001	
0.001	
0.001	
0.001	
0.001	
0.001	
0.001	
0.001	
0.001	
0.001	
0.001	
0.001	
0.001	
0.001	
0.001	
0.001	
0.001	
0.001	
0.001	
0.001	
0.001	
0.001	
0.001	
0.001	
0.001	
0.001	
0.001	
0.001	
0.001	
0.001	
0.001	
0.001	
0.001	
0.001	
0.001	
0.001	
0.001	
0.001	
0.001	
0.001	
0.001	
0.001	
0.001	
0.001	
0.001	
0.001	
0.001	
0.001	
0.001	
0.001	
0.001	
0.001	
0.001	
0.001	
0.001	
0.001	
0.001	
0.001	
0.001	
0.001	
0.001	
0.001	
0.001	
0.001	
0.001	
0.001	
0.001	
0.001	
0.001	
0.001	
0.001	
0.001	
0.001	
0.001	
0.001	
0.001	
0.001	
0.001	
0.001	
0.001	
0.001	
0.001	
0.001	
0.001	
0.001	
0.001	
0.001	
0.001	
0.001	
0.001	
0.001	
0.001	
0.001	
0.001	
0.001	
0.001	
0.001	
0.001	
0.001	
0.001	
0.001	
0.001	
0.001	
0.001	
0.001	
0.001	
0.001	
0.001	
0.001	
0.001	
0.001	
0.001	
0.001	
0.001	
0.001	
0.001	
0.001	
0.001	
0.001	
0.001	
0.001	
0.001	
0.001	
0.001	
0.001	
0.001	
0.001	
0.001	
0.001	
0.001	
0.001	
0.001	
0.001	
0.001	
0.001	
0.001	
0.001	
0.001	
0.001	
0.001	
0.001	
0.001	
0.001	
0.001	
0.001	
0.001	
0.001	
0.001	
0.001	
0.001	
0.001	
0.001	
0.001	
0.001	
0.001	
0.001	
0.001	
0.001	
0.001	
0.001	
0.001	
0.001	
0.001	
0.001	
0.001	
0.001	
0.001	
0.001	
0.001	
0.001	
0.001	
0.001	
0.001	
0.001	
0.001	
0.001	
0.001	
0.001	
0.001	
0.001	
0.001	
0.001	
0.001	
0.001	
0.001	
0.001	
0.001	
0.001	
0.001	
0.001	
0.001	
0.001	
0.001	
0.001	
0.001	
0.001	
0.001	
0.001	
0.001	
0.001	
0.001	
0.001	
0.001	
0.001	
0.001	
0.001	
0.001	
0.001	
0.001	
0.001	
0.001	
0.001	
0.001	
0.001	
0.001	
0.001	
0.001	
0.001	
0.001	
0.001	
0.001	
0.001	
0.001	
0.001	
0.001	
0.001	
0.001	
0.001	
0.001	
0.001	
0.001	
0.001	
0.001	
0.001	
0.001	
0.001	
0.001	
0.001	
0.001	
0.001	
0.001	
0.001	
0.001	
0.001	
0.001	
0.001	
0.001	
0.001	
0.001	
0.001	
0.001	
0.001	
0.001	
0.001	
0.001	
0.001	
0.001	
0.001	
0.001	
0.001	
0.001	
0.001	
0.001	
0.001	
0.001	
0.001	
0.001	
0.001	
0.001	
0.001	
0.001	
0.001	
0.001	
0.001	
0.001	
0.001	
0.001	
0.001	
0.001	
0.001	
0.001	
0.001	
0.001	
0.001	
0.001	
0.001	
0.001	
0.001	
0.001	
0.001	
0.001	
0.001	
0.001	
0.001	
0.001	
0.001	
0.001	
0.001	
0.001	
0.001	
0.001	
0.001	
0.001	
0.001	
0.001	
0.001	
0.001	
0.001	
0.001	
0.001	
0.001	
0.001	
0.001	
0.001	
0.001	
0.001	
0.001	
0.001	
0.001	
0.001	
0.001	
0.001	
0.001	
0.001	
0.001	
0.001	
0.001	
0.001	
0.001	
0.001	
0.001	
0.001	
0.001	
0.001	
0.001	
0.001	
0.001	
0.001	
0.001	
0.001	
0.001	
0.001	
0.001	
0.001	
0.001	
0.001	
0.001	
0.001	
0.001	
0.001	
0.001	
0.001	
0.001	
0.001	
0.001	
0.001	
0.001	
0.001	
0.001	
0.001	
0.001	
0.001	
0.001	
0.001	
0.001	
0.001	
0.001	
0.001	
0.001	
0.001	
0.001	
0.001	
0.001	
0.001	
0.001	
0.001	
0.001	
0.001	
0.001	
0.001	
0.001	
0.001	
0.001	
0.001	
0.001	
0.001	
0.001	
0.001	
0.001	
0.001	
0.001	
0.001	
0.001	
0.001	
0.001	
0.001	
0.001	
0.001	
0.001	
0.001	
0.001	
0.001	
0.001	
0.001	
0.001	
0.001	
0.001	
0.001	
0.001	
0.001	
0.001	
0.001	
0.001	
0.001	
0.001	
0.001	
0.001	
0.001	
0.001	
0.001	
0.001	
0.001	
0.001	
0.001	
0.001	
0.001	
0.001	
0.001	
0.001	
0.001	
0.001	
0.001	
0.001	
0.001	
0.001	
0.001	
0.001	
0.001	
0.001	
0.001	
0.001	
0.001	
0.001	
0.001	
0.001	
0.001	
0.001	
0.001	
0.001	
0.001	
0.001	
0.001	
0.001	
0.001	
0.001	
0.001	
0.001	
0.001	
0.001	
0.001	
0.001	
0.001	
0.001	
0.001	
0.001	
0.001	
0.001	
0.001	
0.001	
0.001	
0.001	
0.001	
0.001	
0.001	
0.001	
0.001	
0.001	
0.001	
0.001	
0.001	
0.001	
0.001	
0.001	
0.001	
0.001	
0.001	
0.001	
0.001	
0.001	
0.001	
0.001	
0.001	
0.001	
0.001	
0.001	
0.001	
0.001	
0.001	
0.001	
0.001	
0.001	
0.001	
0.001	
0.001	
0.001	
0.001	
0.001	
0.001	
0.001	
0.001	
0.001	
0.001	
0.001	
0.001	
0.001	
0.001	
0.001	
0.001	
0.001	
0.001	
0.001	
0.001	
0.001	
0.001	
0.001	
0.001	
0.001	
0.001	
0.001	
0.001	
0.001	
0.001	
0.001	
0.001	
0.001	
0.001	
0.001	
0.001	
0.001	
0.001	
0.001	
0.001	
0.001	
0.001	
0.001	
0.001	
0.001	
0.001	
0.001	
0.001	
0.001	
0.001	
0.001	
0.001	
0.001	
0.001	
0.001	
0.001	
0.001	
0.001	
0.001	
0.001	
0.001	
0.001	
0.001	
0.001	
0.001	
0.001	
0.001	
0.001	
0.001	
0.001	
0.001	
0.001	
0.001	
0.001	
0.001	
0.001	
0.001	
0.001	
0.001	
0.001	
0.001	
0.001	
0.001	
0.001	
0.001	
0.001	
0.001	
0.001	
0.001	
0.001	
0.001	
0.001	
0.001	
0.001	
0.001	
0.001	
0.001	
0.001	
0.001	
0.001	
0.001	
0.001	
0.001	
0.001	
0.001	
0.001	
0.001	
0.001	
0.001	
0.001	
0.001	
0.001	
0.001	
0.001	
0.001	
0.001	
0.001	
0.001	
0.001	
0.001	
0.001	
0.001	
0.001	
0.001	
0.001	
0.001	
0.001	
0.001	
0.001	
0.001	
0.001	
0.001	
0.001	
0.001	
0.001	
0.001	
0.001	
0.001	
0.001	
0.001	
0.001	
0.001	
0.001	
0.001	
0.001	
0.001	
0.001	
0.001	
0.001	
0.001	
0.001	
0.001	
0.001	
0.001	
0.001	
0.001	
0.001	
0.001	
0.001	
0.001	
0.001	
0.001	
0.001	
0.001	
0.001	
0.001	
0.001	
0.001	
0.001	
0.001	
0.001	
0.001	
0.001	
0.001	
0.001	
0.001	
0.001	
0.001	
0.001	
0.001	
0.001	
0.001	
0.001	
0.001	
0.001	
0.001	
0.001	
0.001	
0.001	
0.001	
0.001	
0.001	
0.001	
0.001	
0.001	
0.001	
0.001	
0.001	
0.001	
0.001	
0.001	
0.001	
0.001	
0.001	
0.001	
0.001	
0.001	
0.001	
0.001	
0.001	
0.000	
0.000	
0.000	
0.000	
0.000	
0.000	
0.000	
0.000	
0.000	
0.000	
0.000	
0.000	
0.000	
0.000	
0.000	
0.000	
0.000	
0.000	
0.000	
0.000	
0.000	
0.000	
0.000	
0.000	
0.000	
0.000	
0.000	
0.000	
0.000	
0.000	
0.000	
0.000	
0.000	
0.000	
0.000	
0.000	
0.000	
0.000	
0.000	
0.000	
0.000	
0.000	
0.000	
0.000	
0.000	
0.000	
0.000	
0.000	
0.000	
0.000	
0.000	
0.000	
0.000	
0.000	
0.000	
0.000	
0.000	
0.000	
0.000	
0.000	
0.000	
0.000	
0.000	
0.000	
0.000	
0.000	
0.000	
0.000	
0.000	
0.000	
0.000	
0.000	
0.000	
0.000	
0.000	
0.000	
0.000	
0.000	
0.000	
0.000	
0.000	
0.000	
0.000	
0.000	
0.000	
0.000	
0.000	
0.000	
0.000	
0.000	
0.000	
0.000	
0.000	
0.000	
0.000	
0.000	
0.000	
0.000	
0.000	
0.000	
0.000	
0.000	
0.000	
0.000	
0.000	
0.000	
0.000	
0.000	
0.000	
0.000	
0.000	
0.000	
0.000	
0.000	
0.000	
0.000	
0.000	
0.000	
0.000	
0.000	
0.000	
0.000	
0.000	
0.000	
0.000	
0.000	
0.000	
0.000	
0.000	
0.000	
0.000	
0.000	
0.000	
0.000	
0.000	
0.000	
0.000	
0.000	
0.000	
0.000	
0.000	
0.000	
0.000	
0.000	
0.000	
0.000	
0.000	
0.000	
0.000	
0.000	
0.000	
0.000	
0.000	
0.000	
0.000	
0.000	
0.000	
0.000	
0.000	
0.000	
0.000	
0.000	
0.000	
0.000	
0.000	
0.000	
0.000	
0.000	
0.000	
0.000	
0.000	
0.000	
0.000	
0.000	
0.000	
0.000	
0.000	
0.000	
0.000	
0.000	
0.000	
0.000	
0.000	
0.000	
0.000	
0.000	
0.000	
0.000	
0.000	
0.000	
0.000	
0.000	
0.000	
0.000	
0.000	
0.000	
0.000	
0.000	
0.000	
0.000	
0.000	
0.000	
0.000	
0.000	
0.000	
0.000	
0.000	
0.000	
0.000	
0.000	
0.000	
0.000	
0.000	
0.000	
0.000	
0.000	
0.000	
0.000	
0.000	
0.000	
0.000	
0.000	
0.000	
0.000	
0.000	
0.000	
0.000	
0.000	
0.000	
0.000	
0.000	
0.000	
0.000	
0.000	
0.000	
0.000	
0.000	
0.000	
0.000	
0.000	
0.000	
0.000	
0.000	
0.000	
0.000	
0.000	
0.000	
0.000	
0.000	
0.000	
0.000	
0.000	
0.000	
0.000	
0.000	
0.000	
0.000	
0.000	
0.000	
0.000	
0.000	
0.000	
0.000	
0.000	
0.000	
0.000	
0.000	
0.000	
0.000	
0.000	
0.000	
0.000	
0.000	
0.000	
0.000	
0.000	
0.000	
0.000	
0.000	
0.000	
0.000	
0.000	
0.000	
0.000	
0.000	
0.000	
0.000	
0.000	
0.000	
0.000	
0.000	
0.000	
0.000	
0.000	
0.000	
0.000	
0.000	
0.000	
0.000	
0.000	
0.000	
0.000	
0.000	
0.000	
0.000	
0.000	
0.000	
0.000	
0.000	
0.000	
0.000	
0.000	
0.000	
0.000	
0.000	
0.000	
0.000	
0.000	
0.000	
0.000	
0.000	
0.000	
0.000	
0.000	
0.000	
0.000	
0.000	
0.000	
0.000	
0.000	
0.000	
0.000	
0.000	
0.000	
0.000	
0.000	
0.000	
0.000	
0.000	
0.000	
0.000	
0.000	
0.000	
0.000	
0.000	
0.000	
0.000	
0.000	
0.000	
0.000	
0.000	
0.000	
0.000	
0.000	
0.000	
0.000	
0.000	
0.000	
0.000	
0.000	
0.000	
0.000	
0.000	
0.000	
0.000	
0.000	
0.000	
0.000	
0.000	
0.000	
0.000	
0.000	
0.000	
0.000	
0.000	
0.000	
0.000	
0.000	
0.000	
0.000	
0.000	
0.000	
0.000	
0.000	
0.000	
0.000	
0.000	
0.000	
0.000	
0.000	
0.000	
0.000	
0.000	
0.000	
0.000	
0.000	
0.000	
0.000	
0.000	
0.000	
0.000	
0.000	
0.000	
0.000	
0.000	
0.000	
0.000	
0.000	
0.000	
0.000	
0.000	
0.000	
0.000	
0.000	
0.000	
0.000	
0.000	
0.000	
0.000	
0.000	
0.000	
0.000	
0.000	
0.000	
0.000	
0.000	
0.000	
0.000	
0.000	
0.000	
0.000	
0.000	
0.000	
0.000	
0.000	
0.000	
0.000	
0.000	
0.000	
0.000	
0.000	
0.000	
0.000	
0.000	
0.000	
0.000	
0.000	
0.000	
0.000	
0.000	
0.000	
0.000	
0.000	
0.000	
0.000	
0.000	
0.000	
0.000	
0.000	
0.000	
0.000	
0.000	
0.000	
0.000	
0.000	
0.000	
0.000	
0.000	
0.000	
0.000	
0.000	
0.000	
0.000	
0.000	
0.000	
0.000	
0.000	
0.000	
0.000	
0.000	
0.000	
0.000	
0.000	
0.000	
0.000	
0.000	
0.000	
0.000	
0.000	
0.000	
0.000	
0.000	
0.000	
0.000	
0.000	
0.000	
0.000	
0.000	
0.000	
0.000	
0.000	
0.000	
0.000	
0.000	
0.000	
0.000	
0.000	
0.000	
0.000	
0.000	
0.000	
0.000	
0.000	
0.000	
0.000	
0.000	
0.000	
0.000	
0.000	
0.000	
0.000	
0.000	
0.000	
0.000	
0.000	
0.000	
0.000	
0.000	
0.000	
0.000	
0.000	
0.000	
0.000	
0.000	
0.000	
0.000	
0.000	
0.000	
0.000	
0.000	
0.000	
0.000	
0.000	
0.000	
0.000	
0.000	
0.000	
0.000	
0.000	
0.000	
0.000	
0.000	
0.000	
0.000	
0.000	
0.000	
0.000	
0.000	
0.000	
0.000	
0.000	
0.000	
0.000	
0.000	
0.000	
0.000	
0.000	
0.000	
0.000	
0.000	
0.000	
0.000	
0.000	
0.000	
0.000	
0.000	
0.000	
0.000	
0.000	
0.000	
0.000	
0.000	
0.000	
0.000	
0.000	
0.000	
0.000	
0.000	
0.000	
0.000	
0.000	
0.000	
0.000	
0.000	
0.000	
0.000	
0.000	
0.000	
0.000	
0.000	
0.000	
0.000	
0.000	
0.000	
0.000	
0.000	
0.000	
0.000	
0.000	
0.000	
0.000	
0.000	
0.000	
0.000	
0.000	
0.000	
0.000	
0.000	
0.000	
0.000	
0.000	
0.000	
0.000	
0.000	
0.000	
0.000	
0.000	
0.000	
0.000	
0.000	
0.000	
0.000	
0.000	
0.000	
0.000	
0.000	
0.000	
0.000	
0.000	
0.000	
0.000	
0.000	
0.000	
0.000	
0.000	
0.000	
0.000	
0.000	
0.000	
0.000	
0.000	
0.000	
0.000	
0.000	
0.000	
0.000	
0.000	
0.000	
0.000	
0.000	
0.000	
0.000	
0.000	
0.000	
0.000	
0.000	
0.000	
0.000	
0.000	
0.000	
0.000	
0.000	
0.000	
0.000	
0.000	
0.000	
0.000	
0.000	
0.000	
0.000	
0.000	
0.000	
0.000	
0.000	
0.000	
0.000	
0.000	
0.000	
0.000	
0.000	
0.000	
0.000	
0.000	
0.000	
0.000	
0.000	
0.000	
0.000	
0.000	
0.000	
0.000	
0.000	
0.000	
0.000	
0.000	
0.000	
0.000	
0.000	
0.000	
0.000	
0.000	
0.000	
0.000	
0.000	
0.000	
0.000	
0.000	
0.000	
0.000	
0.000	
0.000	
0.000	
0.000	
0.000	
0.000	
0.000	
0.000	
0.000	
0.000	
0.000	
0.000	
0.000	
0.000	
0.000	
0.000	
0.000	
0.000	
0.000	
0.000	
0.000	
0.000	
0.000	
0.000	
0.000	
0.000	
0.000	
0.000	
0.000	
0.000	
0.000	
0.000	
0.000	
0.000	
0.000	
0.000	
0.000	
0.000	
0.000	
0.000	
0.000	
0.000	
0.000	
0.000	
0.000	
0.000	
0.000	
0.000	
0.000	
0.000	
0.000	
0.000	
0.000	
0.000	
0.000	
0.000	
0.000	
0.000	
0.000	
0.000	
0.000	
0.000	
0.000	
0.000	
0.000	
0.000	
0.000	
0.000	
0.000	
0.000	
0.000	
0.000	
0.000	
0.000	
0.000	
0.000	
0.000	
0.000	
0.000	
0.000	
0.000	
0.000	
Error: 0.000444
